%SeedNode-ID Local_Cluster_Size
56064 13101
192766 2246
228926 4180
196404 12797
232559 3099
128382 15181
76963 13101
126926 3429
169605 12797
52256 13101
203887 12797
230794 3597
211008 8222
191999 4239
212798 8222
160034 4066
148487 12797
148900 13101
112988 13999
155483 13101
90992 12797
183133 4066
23929 28272
185568 4960
6411 12797
113895 3429
156754 4202
156212 4570
212912 4960
184242 28272
161032 4854
21089 12146
222330 11187
3871 1696
198490 12797
34600 11187
156556 4180
71318 28272
31455 5101
145090 2246
12537 3550
116269 4854
197602 13999
150645 2322
90467 3952
92406 10308
149055 4066
211027 12146
72238 5962
80454 5112
22272 3099
66493 4960
114062 13101
29689 2322
227716 11187
124919 4202
227592 3952
54060 5101
104649 4854
3187 3952
32007 4960
88177 5112
94468 15181
96629 3597
159049 3952
91237 5962
91531 5112
32723 13101
87513 2731
57583 1003
28342 4239
35384 4233
63208 13999
116320 1003
221091 4960
23148 4202
162457 13999
178067 3952
129744 10308
23869 15181
184443 12797
60218 12797
70148 4928
67102 3550
232492 3099
191579 13999
134111 12797
189158 13101
197578 10308
151929 3550
5081 8222
222404 28272
35398 12797
48289 11187
78780 5101
229299 12797
117759 5101
109234 13999
37236 3429
113625 3429
