%SeedNode-ID Local_Cluster_Size
30631 5112
2916 3099
42944 5112
64742 13999
22173 28272
68042 3099
2185 3302
184543 13101
179428 5962
16237 12797
149838 5962
172671 13999
174851 4180
41834 28272
220183 13101
199474 15181
4666 8222
13973 13101
65383 4570
227299 2731
29982 4202
64916 4928
5984 2964
147901 3952
211949 11187
96060 2138
123643 28272
15588 28272
113570 4673
194322 13999
38918 12797
173489 8222
36750 13999
186187 12146
171377 12797
8439 3302
132218 4066
204495 28272
190982 8222
70390 2322
124496 12146
219126 5962
72653 12146
3290 12797
113689 3429
66627 12146
189541 4202
129405 4570
24808 13999
126395 3952
189308 3952
167503 4233
114884 2731
220529 13999
66914 12146
13665 4233
87912 10308
225534 2846
109362 11187
93939 15181
228582 5962
222257 4233
76068 4233
54756 13999
188401 3302
204966 10308
140717 10308
148352 4928
223205 4233
223594 15181
206967 15181
210370 12797
128084 11187
229494 8222
117615 13999
132733 28272
129015 10308
27733 4233
109139 12146
152029 2639
98277 13999
30554 12797
199426 13101
85418 13101
168739 4239
89717 12797
162913 8222
82825 4066
129507 13999
90700 3302
176209 5962
165089 4673
11941 12146
159571 12146
193131 4928
106477 10308
168664 8222
141187 2322
200105 5962
31112 12797
