%SeedNode-ID Local_Cluster_Size
124412 4960
45941 3952
149286 2731
62991 15181
63177 1575
133819 12146
62400 13999
40217 13999
70138 11187
186839 12146
19939 28272
2744 28272
206079 15181
95054 3099
98500 5112
69466 4570
132255 3099
140429 8222
44562 2246
13904 10308
25983 28272
28689 12146
116869 4066
169240 10308
140834 4239
224038 4233
15256 12797
130443 3597
60331 4928
211641 2731
181164 5101
210028 5112
7469 13999
137304 12146
164437 2246
90413 8222
230713 4202
66994 11187
128254 4239
182672 12797
184269 13101
161223 2846
19962 4202
176044 28272
63628 4960
3331 4239
43794 4233
45550 4066
153293 5112
201755 4928
76885 5112
226283 4066
84073 4854
59832 11187
28431 11187
25450 13999
161817 4202
28652 13999
110266 2322
152152 13101
96242 12797
222678 15181
95969 12797
116366 2246
182051 4960
152449 28272
135877 13101
83118 4233
159341 4673
218134 11187
43418 4180
93177 3597
218936 1596
127770 13101
50269 8222
149014 11187
75299 8222
216250 28272
98508 4202
185962 8222
66875 28272
86458 4180
39045 12797
51884 5962
229466 1575
214125 28272
200246 11187
7560 15181
164961 2964
163826 13101
108299 11187
102856 10308
95496 28272
47376 12146
182247 13101
45490 8222
113071 11187
9809 11187
205485 3302
96532 3099
