%SeedNode-ID Local_Cluster_Size
158823 4066
14776 10308
181352 15181
157460 12146
12403 13999
211053 4960
180410 3952
145754 10308
42008 13999
67698 28272
230297 28272
81587 15181
31752 12146
70213 2639
20322 4066
67263 3302
25124 4928
231607 28272
38704 10308
224826 13101
177679 10308
113840 3597
159232 4239
78427 28272
98570 10308
130120 12146
57091 13101
159991 1575
191308 3952
1823 12146
170296 13101
23977 12797
49818 10308
111708 3597
23286 8222
215242 5101
27090 4233
114436 12797
138055 3952
75346 10308
153551 4673
57636 1003
93889 4928
210170 5101
133307 3550
187552 13101
148782 13101
133562 4854
164584 15181
128165 13101
161947 13101
87488 13101
124886 8222
72727 4673
93112 15181
36566 28272
21283 12146
16187 3952
90505 4180
25210 11187
212959 15181
226454 8222
45365 4570
103656 4066
150689 4233
111311 4928
227409 10308
26637 4202
170056 3099
2334 5101
52670 3597
133861 12146
127447 2639
198804 11187
198405 4233
215347 13101
43363 2731
167998 13101
93967 5112
174217 4570
152475 12146
173566 28272
230850 11187
59067 8222
16170 1575
143159 4239
24576 12797
127736 2846
55189 4239
128949 11187
143290 13101
126939 3302
49234 2138
81382 28272
151683 5962
215811 5101
95406 12797
111193 3597
173393 10308
33317 3302
