%SeedNode-ID Local_Cluster_Size
195827 1659
17652 3952
207991 11187
71985 4233
92380 2846
106190 4928
84054 28272
174417 4066
217882 12146
63097 11187
228103 13999
202244 10308
183464 15181
49534 3550
72782 4960
187662 3952
99045 3597
13751 12146
64825 4854
117368 13999
13056 4066
181986 4960
80327 3550
69550 4960
139294 4673
61380 28272
139023 13101
150238 5962
14927 3429
128049 28272
195976 28272
39108 4239
88910 4239
232306 4066
192171 12146
101687 4233
129087 11187
212668 13101
175499 1696
39180 4960
80640 3429
138938 4570
105774 13999
116856 12146
23318 5101
145913 28272
93535 11187
117137 13999
90883 11187
150441 10308
183736 12797
181960 11187
91929 12146
2549 15181
35296 12146
215558 15181
15204 12146
108898 8222
102136 28272
229043 4066
32099 12797
66841 13101
212221 12146
73542 4673
71165 4960
7471 28272
21855 15181
9323 3952
215495 4570
95045 2964
77673 13999
124846 4233
27933 12797
225480 4960
95212 13101
102720 2964
179900 13999
136407 4066
127475 4570
71418 13999
172836 4673
126352 13999
47277 4066
226833 12146
83816 3952
67094 1696
94373 28272
123486 11187
16341 12146
78272 10308
184876 4673
101178 4928
99689 5962
198199 4180
194462 13999
49740 8222
110782 4180
202541 8222
179572 28272
221866 28272
